2 0.2403846153846154 0.6452991452991453 0.05048076923076923 0.16666666666666666
2 0.2403846153846154 0.5598290598290598 0.10336538461538461 0.08547008547008547
2 0.1778846153846154 0.5170940170940171 0.06971153846153846 0.14102564102564102
2 0.1346153846153846 0.4658119658119658 0.0673076923076923 0.12393162393162394
2 0.2091346153846154 0.24358974358974358 0.07211538461538461 0.1623931623931624
2 0.3245192307692308 0.2564102564102564 0.06971153846153846 0.07692307692307693
1 0.3269230769230769 0.3717948717948718 0.1201923076923077 0.13675213675213677
4 0.28125 0.8888888888888888 0.06971153846153846 0.04700854700854701
4 0.47596153846153844 0.717948717948718 0.06971153846153846 0.0641025641025641
3 0.46634615384615385 0.4017094017094017 0.057692307692307696 0.06837606837606838
3 0.18028846153846154 0.8247863247863247 0.028846153846153848 0.05128205128205128
3 0.7572115384615384 0.6965811965811965 0.04326923076923077 0.09829059829059829
3 0.7259615384615384 0.11965811965811966 0.052884615384615384 0.0641025641025641