2 0.42788461538461536 0.7863247863247863 0.08413461538461539 0.14957264957264957
2 0.47836538461538464 0.5769230769230769 0.11298076923076923 0.14957264957264957
3 0.25 0.7521367521367521 0.057692307692307696 0.05982905982905983
0 0.28846153846153844 0.7606837606837606 0.13221153846153846 0.14957264957264957
2 0.7019230769230769 0.811965811965812 0.08413461538461539 0.09401709401709402
3 0.6875 0.6410256410256411 0.055288461538461536 0.05982905982905983
3 0.6466346153846154 0.42735042735042733 0.038461538461538464 0.08974358974358974
3 0.6850961538461539 0.39316239316239315 0.05048076923076923 0.04700854700854701
3 0.7596153846153846 0.31196581196581197 0.057692307692307696 0.05982905982905983
3 0.6610576923076923 0.2777777777777778 0.04326923076923077 0.06837606837606838
4 0.5961538461538461 0.2692307692307692 0.07211538461538461 0.042735042735042736
3 0.5480769230769231 0.21367521367521367 0.08653846153846154 0.038461538461538464
2 0.5697115384615384 0.28205128205128205 0.11778846153846154 0.13675213675213677
3 0.4230769230769231 0.2264957264957265 0.06490384615384616 0.05982905982905983
3 0.4014423076923077 0.1794871794871795 0.02403846153846154 0.042735042735042736
3 0.3125 0.2094017094017094 0.06490384615384616 0.029914529914529916
3 0.2548076923076923 0.3076923076923077 0.052884615384615384 0.06837606837606838
3 0.31971153846153844 0.905982905982906 0.04326923076923077 0.0641025641025641