3 0.3942307692307692 0.7136752136752137 0.055288461538461536 0.04700854700854701
3 0.49759615384615385 0.594017094017094 0.05048076923076923 0.05128205128205128
3 0.1778846153846154 0.811965811965812 0.05048076923076923 0.06837606837606838
4 0.31971153846153844 0.8846153846153846 0.0673076923076923 0.0641025641025641
2 0.24519230769230768 0.6538461538461539 0.0985576923076923 0.1452991452991453
2 0.14423076923076922 0.5555555555555556 0.12259615384615384 0.14957264957264957
2 0.3076923076923077 0.2905982905982906 0.1466346153846154 0.1111111111111111
2 0.3269230769230769 0.4017094017094017 0.052884615384615384 0.11538461538461539
1 0.34134615384615385 0.41025641025641024 0.14182692307692307 0.0811965811965812
3 0.1875 0.21367521367521367 0.040865384615384616 0.05555555555555555
3 0.2283653846153846 0.21367521367521367 0.036057692307692304 0.0641025641025641
3 0.3581730769230769 0.12393162393162394 0.026442307692307692 0.038461538461538464
3 0.7067307692307693 0.10683760683760683 0.0673076923076923 0.042735042735042736
3 0.6995192307692307 0.39316239316239315 0.028846153846153848 0.05128205128205128