2 0.40384615384615385 0.47435897435897434 0.125 0.11965811965811966
2 0.22115384615384615 0.5555555555555556 0.08413461538461539 0.09401709401709402
2 0.1778846153846154 0.5085470085470085 0.08173076923076923 0.09829059829059829
2 0.15384615384615385 0.5854700854700855 0.08413461538461539 0.05982905982905983
2 0.24519230769230768 0.6837606837606838 0.036057692307692304 0.11538461538461539
2 0.30528846153846156 0.6495726495726496 0.055288461538461536 0.08974358974358974
3 0.18269230769230768 0.7393162393162394 0.04326923076923077 0.09829059829059829
3 0.39663461538461536 0.6581196581196581 0.0889423076923077 0.05982905982905983
3 0.5240384615384616 0.5341880341880342 0.06009615384615385 0.042735042735042736
3 0.32211538461538464 0.32051282051282054 0.057692307692307696 0.05128205128205128
3 0.3870192307692308 0.20512820512820512 0.07692307692307693 0.042735042735042736
3 0.5264423076923077 0.16666666666666666 0.09134615384615384 0.042735042735042736
4 0.37740384615384615 0.7692307692307693 0.07451923076923077 0.05128205128205128