2 0.2620192307692308 0.27350427350427353 0.13701923076923078 0.08974358974358974
2 0.28846153846153844 0.38461538461538464 0.0673076923076923 0.03418803418803419
2 0.12980769230769232 0.45726495726495725 0.06009615384615385 0.1282051282051282
2 0.21634615384615385 0.4829059829059829 0.10096153846153846 0.10683760683760683
2 0.21875 0.688034188034188 0.07451923076923077 0.07264957264957266
3 0.4230769230769231 0.6623931623931624 0.04807692307692308 0.07264957264957266
3 0.1658653846153846 0.8290598290598291 0.0673076923076923 0.0641025641025641
4 0.31009615384615385 0.8760683760683761 0.08413461538461539 0.038461538461538464
1 0.35096153846153844 0.4230769230769231 0.11057692307692307 0.09829059829059829
3 0.30528846153846156 0.1452991452991453 0.07451923076923077 0.04700854700854701
3 0.6971153846153846 0.41025641025641024 0.04807692307692308 0.08547008547008547
3 0.7067307692307693 0.1282051282051282 0.040865384615384616 0.029914529914529916
2 0.2764423076923077 0.32905982905982906 0.0625 0.0641025641025641