2 0.2403846153846154 0.6666666666666666 0.10576923076923077 0.11965811965811966
2 0.14423076923076922 0.6581196581196581 0.0889423076923077 0.12393162393162394
2 0.2620192307692308 0.46153846153846156 0.10576923076923077 0.10256410256410256
2 0.35096153846153844 0.48717948717948717 0.05048076923076923 0.07264957264957266
3 0.3581730769230769 0.6282051282051282 0.052884615384615384 0.1282051282051282
2 0.37259615384615385 0.27350427350427353 0.12259615384615384 0.09829059829059829
3 0.18028846153846154 0.8034188034188035 0.07932692307692307 0.06837606837606838
4 0.34375 0.8504273504273504 0.06490384615384616 0.042735042735042736
1 0.3629807692307692 0.4358974358974359 0.12740384615384615 0.11538461538461539
4 0.1971153846153846 0.47863247863247865 0.06009615384615385 0.038461538461538464
3 0.1875 0.2777777777777778 0.055288461538461536 0.04700854700854701
3 0.2980769230769231 0.24786324786324787 0.05048076923076923 0.04700854700854701
3 0.7548076923076923 0.47863247863247865 0.05048076923076923 0.07264957264957266
3 0.71875 0.10256410256410256 0.06490384615384616 0.05128205128205128