2 0.18028846153846154 0.7222222222222222 0.07692307692307693 0.19230769230769232
2 0.16105769230769232 0.2777777777777778 0.11538461538461539 0.13247863247863248
2 0.27403846153846156 0.3504273504273504 0.10336538461538461 0.17094017094017094
2 0.3004807692307692 0.2606837606837607 0.08173076923076923 0.0811965811965812
2 0.36778846153846156 0.5726495726495726 0.11538461538461539 0.08547008547008547
4 0.2620192307692308 0.8888888888888888 0.04807692307692308 0.029914529914529916
3 0.38221153846153844 0.12393162393162394 0.05048076923076923 0.05982905982905983
3 0.7355769230769231 0.11538461538461539 0.07451923076923077 0.042735042735042736
3 0.5625 0.1623931623931624 0.02403846153846154 0.04700854700854701
3 0.6442307692307693 0.5384615384615384 0.03125 0.042735042735042736
3 0.7235576923076923 0.8418803418803419 0.08173076923076923 0.0641025641025641
3 0.18269230769230768 0.8461538461538461 0.057692307692307696 0.0641025641025641
2 0.20673076923076922 0.6923076923076923 0.0889423076923077 0.07264957264957266