2 0.16105769230769232 0.7094017094017094 0.10817307692307693 0.11538461538461539
2 0.22596153846153846 0.5256410256410257 0.04567307692307692 0.08974358974358974
2 0.19230769230769232 0.4230769230769231 0.0625 0.12393162393162394
2 0.33653846153846156 0.5427350427350427 0.08413461538461539 0.09829059829059829
2 0.24519230769230768 0.6666666666666666 0.07211538461538461 0.07264957264957266
3 0.17548076923076922 0.7991452991452992 0.04807692307692308 0.05555555555555555
3 0.3557692307692308 0.6153846153846154 0.03365384615384615 0.04700854700854701
3 0.23076923076923078 0.2948717948717949 0.05048076923076923 0.029914529914529916
3 0.3701923076923077 0.1452991452991453 0.07451923076923077 0.029914529914529916
3 0.6947115384615384 0.5427350427350427 0.07932692307692307 0.07692307692307693
2 0.4110576923076923 0.3717948717948718 0.03365384615384615 0.13675213675213677
1 0.39663461538461536 0.4658119658119658 0.12259615384615384 0.11965811965811966
4 0.35336538461538464 0.8290598290598291 0.08653846153846154 0.05555555555555555