3 0.18028846153846154 0.8333333333333334 0.040865384615384616 0.05982905982905983
4 0.2644230769230769 0.8931623931623932 0.028846153846153848 0.04700854700854701
3 0.7379807692307693 0.7948717948717948 0.04807692307692308 0.05982905982905983
3 0.7379807692307693 0.11538461538461539 0.06490384615384616 0.042735042735042736
3 0.5384615384615384 0.1623931623931624 0.06009615384615385 0.042735042735042736
3 0.38221153846153844 0.11965811965811966 0.07692307692307693 0.0641025641025641
2 0.31009615384615385 0.24786324786324787 0.04326923076923077 0.0811965811965812
2 0.25 0.3034188034188034 0.10336538461538461 0.1752136752136752
2 0.1466346153846154 0.33760683760683763 0.08653846153846154 0.1452991452991453
2 0.16826923076923078 0.6666666666666666 0.04326923076923077 0.1282051282051282
2 0.21634615384615385 0.6923076923076923 0.06490384615384616 0.10256410256410256
2 0.31009615384615385 0.6025641025641025 0.11778846153846154 0.10256410256410256