2 0.21634615384615385 0.6623931623931624 0.07211538461538461 0.11538461538461539
2 0.15384615384615385 0.3717948717948718 0.10817307692307693 0.1282051282051282
2 0.23798076923076922 0.2948717948717949 0.10336538461538461 0.18376068376068377
2 0.31490384615384615 0.2564102564102564 0.05048076923076923 0.05982905982905983
1 0.30288461538461536 0.33760683760683763 0.12259615384615384 0.11965811965811966
2 0.2932692307692308 0.6153846153846154 0.08173076923076923 0.09401709401709402
2 0.16826923076923078 0.6581196581196581 0.038461538461538464 0.1282051282051282
3 0.7475961538461539 0.7564102564102564 0.04807692307692308 0.09829059829059829
3 0.7403846153846154 0.11965811965811966 0.07211538461538461 0.06837606837606838
3 0.5144230769230769 0.1581196581196581 0.057692307692307696 0.038461538461538464
4 0.27884615384615385 0.9017094017094017 0.07211538461538461 0.038461538461538464