2 0.3076923076923077 0.5256410256410257 0.15625 0.1111111111111111
2 0.18028846153846154 0.5213675213675214 0.06971153846153846 0.09401709401709402
2 0.14182692307692307 0.5598290598290598 0.06009615384615385 0.0811965811965812
2 0.27884615384615385 0.6965811965811965 0.057692307692307696 0.09829059829059829
2 0.25 0.6837606837606838 0.04326923076923077 0.12393162393162394
2 0.21634615384615385 0.6025641025641025 0.0889423076923077 0.09401709401709402
3 0.43990384615384615 0.6709401709401709 0.07692307692307693 0.0811965811965812
4 0.3701923076923077 0.7264957264957265 0.06009615384615385 0.04700854700854701
4 0.3173076923076923 0.4017094017094017 0.0889423076923077 0.038461538461538464
3 0.35096153846153844 0.21794871794871795 0.07692307692307693 0.038461538461538464
3 0.5504807692307693 0.1794871794871795 0.052884615384615384 0.07264957264957266
3 0.6081730769230769 0.13247863247863248 0.0673076923076923 0.05982905982905983
3 0.47836538461538464 0.5085470085470085 0.05048076923076923 0.05982905982905983
1 0.43509615384615385 0.5683760683760684 0.12740384615384615 0.1111111111111111