2 0.18509615384615385 0.5042735042735043 0.07932692307692307 0.11538461538461539
2 0.15144230769230768 0.5854700854700855 0.11538461538461539 0.07264957264957266
2 0.22596153846153846 0.5470085470085471 0.0625 0.09401709401709402
2 0.23798076923076922 0.688034188034188 0.052884615384615384 0.10256410256410256
2 0.3125 0.6111111111111112 0.04567307692307692 0.0811965811965812
2 0.39903846153846156 0.4829059829059829 0.1201923076923077 0.08974358974358974
3 0.37740384615384615 0.6623931623931624 0.07692307692307693 0.05555555555555555
3 0.19471153846153846 0.7435897435897436 0.055288461538461536 0.09829059829059829
4 0.375 0.782051282051282 0.0673076923076923 0.04700854700854701
3 0.5456730769230769 0.5341880341880342 0.07451923076923077 0.05555555555555555
3 0.2860576923076923 0.3162393162393162 0.07211538461538461 0.05982905982905983
3 0.4951923076923077 0.1581196581196581 0.07932692307692307 0.042735042735042736
3 0.3870192307692308 0.19658119658119658 0.06490384615384616 0.042735042735042736