2 0.33413461538461536 0.49572649572649574 0.1346153846153846 0.10256410256410256
2 0.1778846153846154 0.5170940170940171 0.07692307692307693 0.0811965811965812
2 0.15384615384615385 0.6068376068376068 0.07932692307692307 0.07692307692307693
2 0.24759615384615385 0.688034188034188 0.040865384615384616 0.1794871794871795
2 0.2932692307692308 0.6709401709401709 0.06971153846153846 0.09401709401709402
3 0.43028846153846156 0.6581196581196581 0.08413461538461539 0.0641025641025641
2 0.22596153846153846 0.5598290598290598 0.055288461538461536 0.07692307692307693
3 0.3605769230769231 0.21367521367521367 0.0625 0.038461538461538464
3 0.4110576923076923 0.3333333333333333 0.052884615384615384 0.05982905982905983
3 0.49038461538461536 0.5170940170940171 0.04326923076923077 0.05982905982905983
1 0.42788461538461536 0.5512820512820513 0.0889423076923077 0.1282051282051282
3 0.5576923076923077 0.1794871794871795 0.04807692307692308 0.042735042735042736
3 0.6418269230769231 0.10683760683760683 0.06009615384615385 0.038461538461538464
4 0.3701923076923077 0.7478632478632479 0.08653846153846154 0.042735042735042736