2 0.27163461538461536 0.7094017094017094 0.0673076923076923 0.09829059829059829
2 0.23557692307692307 0.7222222222222222 0.040865384615384616 0.0811965811965812
2 0.22596153846153846 0.6452991452991453 0.14423076923076922 0.11965811965811966
2 0.13942307692307693 0.44017094017094016 0.07932692307692307 0.09401709401709402
2 0.22355769230769232 0.5769230769230769 0.14182692307692307 0.05982905982905983
1 0.41586538461538464 0.6111111111111112 0.12259615384615384 0.13247863247863248
4 0.39663461538461536 0.6709401709401709 0.06490384615384616 0.038461538461538464
3 0.47115384615384615 0.6324786324786325 0.038461538461538464 0.09401709401709402
3 0.4182692307692308 0.49572649572649574 0.057692307692307696 0.05128205128205128
4 0.46153846153846156 0.4700854700854701 0.052884615384615384 0.021367521367521368
3 0.38221153846153844 0.2606837606837607 0.04567307692307692 0.05982905982905983
3 0.6658653846153846 0.13675213675213677 0.0673076923076923 0.05982905982905983