2 0.18509615384615385 0.7393162393162394 0.09134615384615384 0.16666666666666666
2 0.13942307692307693 0.2692307692307692 0.07932692307692307 0.09829059829059829
2 0.30288461538461536 0.2564102564102564 0.07211538461538461 0.05982905982905983
2 0.27403846153846156 0.3717948717948718 0.08173076923076923 0.23504273504273504
1 0.22355769230769232 0.2692307692307692 0.057692307692307696 0.06837606837606838
2 0.3870192307692308 0.5683760683760684 0.11298076923076923 0.08974358974358974
4 0.2620192307692308 0.8974358974358975 0.04567307692307692 0.038461538461538464
3 0.17307692307692307 0.8461538461538461 0.04567307692307692 0.04700854700854701
3 0.7163461538461539 0.8461538461538461 0.07932692307692307 0.038461538461538464
3 0.6490384615384616 0.5427350427350427 0.03365384615384615 0.04700854700854701
3 0.5576923076923077 0.19230769230769232 0.055288461538461536 0.05555555555555555
3 0.7307692307692307 0.11965811965811966 0.052884615384615384 0.042735042735042736
3 0.37740384615384615 0.1282051282051282 0.057692307692307696 0.042735042735042736
4 0.5096153846153846 0.4700854700854701 0.07692307692307693 0.08974358974358974