2 0.23317307692307693 0.6666666666666666 0.1346153846153846 0.10683760683760683
2 0.13942307692307693 0.5128205128205128 0.09134615384615384 0.13675213675213677
2 0.29086538461538464 0.2948717948717949 0.15144230769230768 0.09829059829059829
2 0.30288461538461536 0.39316239316239315 0.055288461538461536 0.1111111111111111
1 0.34134615384615385 0.4230769230769231 0.1466346153846154 0.11538461538461539
3 0.4014423076923077 0.7008547008547008 0.040865384615384616 0.05128205128205128
3 0.18990384615384615 0.8247863247863247 0.07932692307692307 0.09401709401709402
4 0.3173076923076923 0.8717948717948718 0.07692307692307693 0.05555555555555555
3 0.27163461538461536 0.1752136752136752 0.06971153846153846 0.038461538461538464
3 0.2644230769230769 0.13247863247863248 0.08173076923076923 0.02564102564102564
3 0.6995192307692307 0.37606837606837606 0.03125 0.06837606837606838
3 0.7067307692307693 0.1111111111111111 0.05048076923076923 0.042735042735042736