2 0.375 0.4829059829059829 0.11298076923076923 0.10256410256410256
2 0.21875 0.5641025641025641 0.08653846153846154 0.08974358974358974
2 0.15144230769230768 0.6153846153846154 0.10576923076923077 0.08974358974358974
2 0.17307692307692307 0.5299145299145299 0.06971153846153846 0.10683760683760683
2 0.24278846153846154 0.6923076923076923 0.04567307692307692 0.13675213675213677
3 0.18990384615384615 0.6581196581196581 0.026442307692307692 0.08547008547008547
4 0.36778846153846156 0.7606837606837606 0.0625 0.042735042735042736
3 0.41346153846153844 0.6538461538461539 0.0889423076923077 0.042735042735042736
2 0.30288461538461536 0.6623931623931624 0.055288461538461536 0.11965811965811966
3 0.38221153846153844 0.3418803418803419 0.07692307692307693 0.05982905982905983
3 0.37259615384615385 0.21367521367521367 0.0673076923076923 0.05555555555555555
3 0.5504807692307693 0.1794871794871795 0.057692307692307696 0.05555555555555555
3 0.5096153846153846 0.5213675213675214 0.05048076923076923 0.038461538461538464
1 0.4206730769230769 0.5470085470085471 0.11778846153846154 0.1111111111111111