2 0.24278846153846154 0.6709401709401709 0.09615384615384616 0.1623931623931624
2 0.14903846153846154 0.6324786324786325 0.11538461538461539 0.1282051282051282
3 0.17307692307692307 0.8205128205128205 0.04326923076923077 0.08547008547008547
3 0.375 0.6752136752136753 0.06490384615384616 0.12393162393162394
3 0.2403846153846154 0.24786324786324787 0.08413461538461539 0.05982905982905983
3 0.16826923076923078 0.28205128205128205 0.04807692307692308 0.07692307692307693
3 0.7235576923076923 0.09829059829059829 0.07451923076923077 0.05128205128205128
3 0.7307692307692307 0.41025641025641024 0.040865384615384616 0.05555555555555555
3 0.5072115384615384 0.5811965811965812 0.055288461538461536 0.04700854700854701
4 0.3317307692307692 0.8632478632478633 0.07451923076923077 0.029914529914529916
2 0.35336538461538464 0.452991452991453 0.036057692307692304 0.08974358974358974
2 0.2860576923076923 0.44017094017094016 0.10096153846153846 0.0811965811965812
2 0.34375 0.2777777777777778 0.13701923076923078 0.1282051282051282
1 0.3557692307692308 0.4230769230769231 0.12980769230769232 0.08547008547008547
4 0.20192307692307693 0.48717948717948717 0.09375 0.04700854700854701