2 0.18509615384615385 0.5 0.08173076923076923 0.10256410256410256
2 0.41586538461538464 0.46153846153846156 0.07692307692307693 0.11538461538461539
2 0.14423076923076922 0.6196581196581197 0.11057692307692307 0.13247863247863248
2 0.24278846153846154 0.6794871794871795 0.05048076923076923 0.09829059829059829
2 0.32211538461538464 0.5897435897435898 0.07451923076923077 0.11538461538461539
3 0.37259615384615385 0.6452991452991453 0.052884615384615384 0.04700854700854701
3 0.18990384615384615 0.7564102564102564 0.06009615384615385 0.07264957264957266
3 0.2548076923076923 0.3034188034188034 0.055288461538461536 0.06837606837606838
3 0.38221153846153844 0.17094017094017094 0.07932692307692307 0.10683760683760683
3 0.4735576923076923 0.14957264957264957 0.06971153846153846 0.05128205128205128
3 0.5889423076923077 0.5384615384615384 0.07932692307692307 0.06837606837606838
3 0.7091346153846154 0.09401709401709402 0.06009615384615385 0.042735042735042736
4 0.36778846153846156 0.7905982905982906 0.06490384615384616 0.038461538461538464