3 0.18269230769230768 0.8418803418803419 0.040865384615384616 0.06837606837606838
4 0.25961538461538464 0.8974358974358975 0.055288461538461536 0.05555555555555555
2 0.22115384615384615 0.7008547008547008 0.07211538461538461 0.10256410256410256
2 0.17548076923076922 0.717948717948718 0.057692307692307696 0.13675213675213677
2 0.15144230769230768 0.31196581196581197 0.0889423076923077 0.11538461538461539
2 0.25721153846153844 0.31196581196581197 0.08173076923076923 0.2264957264957265
2 0.30288461538461536 0.2564102564102564 0.055288461538461536 0.07264957264957266
3 0.5528846153846154 0.16666666666666666 0.040865384615384616 0.05555555555555555
3 0.7379807692307693 0.11538461538461539 0.0625 0.04700854700854701
3 0.7331730769230769 0.8205128205128205 0.06490384615384616 0.06837606837606838
3 0.6346153846153846 0.5427350427350427 0.055288461538461536 0.05128205128205128