2 0.23317307692307693 0.6666666666666666 0.13942307692307693 0.08547008547008547
2 0.14903846153846154 0.49572649572649574 0.08413461538461539 0.1623931623931624
2 0.2668269230769231 0.2692307692307692 0.13942307692307693 0.10683760683760683
2 0.2956730769230769 0.3717948717948718 0.06490384615384616 0.09829059829059829
1 0.3389423076923077 0.4230769230769231 0.1346153846153846 0.09401709401709402
3 0.41346153846153844 0.6794871794871795 0.038461538461538464 0.038461538461538464
3 0.17307692307692307 0.8247863247863247 0.05048076923076923 0.07692307692307693
4 0.3125 0.8760683760683761 0.06490384615384616 0.05555555555555555
3 0.4831730769230769 0.5982905982905983 0.036057692307692304 0.0641025641025641
3 0.7043269230769231 0.3974358974358974 0.028846153846153848 0.06837606837606838
3 0.7115384615384616 0.12393162393162394 0.040865384615384616 0.042735042735042736
3 0.29086538461538464 0.14102564102564102 0.06490384615384616 0.03418803418803419
3 0.33653846153846156 0.14102564102564102 0.05048076923076923 0.03418803418803419