2 0.13701923076923078 0.6794871794871795 0.08173076923076923 0.10683760683760683
2 0.24759615384615385 0.6666666666666666 0.08653846153846154 0.07264957264957266
2 0.2403846153846154 0.49145299145299143 0.07692307692307693 0.11965811965811966
2 0.21394230769230768 0.41452991452991456 0.0889423076923077 0.10683760683760683
2 0.35336538461538464 0.5042735042735043 0.04807692307692308 0.09401709401709402
2 0.38461538461538464 0.29914529914529914 0.06009615384615385 0.09829059829059829
1 0.3701923076923077 0.43162393162393164 0.12259615384615384 0.1111111111111111
3 0.1875 0.7905982905982906 0.06490384615384616 0.05128205128205128
3 0.3581730769230769 0.6025641025641025 0.036057692307692304 0.09829059829059829
3 0.35336538461538464 0.24358974358974358 0.07211538461538461 0.042735042735042736
3 0.18990384615384615 0.2777777777777778 0.05048076923076923 0.03418803418803419
3 0.36538461538461536 0.1282051282051282 0.04326923076923077 0.05128205128205128
3 0.71875 0.10256410256410256 0.04807692307692308 0.042735042735042736
3 0.7572115384615384 0.5384615384615384 0.036057692307692304 0.0641025641025641
4 0.34375 0.8461538461538461 0.0625 0.05982905982905983