2 0.1466346153846154 0.4188034188034188 0.0889423076923077 0.09829059829059829
2 0.2403846153846154 0.6196581196581197 0.14903846153846154 0.15384615384615385
2 0.2692307692307692 0.7264957264957265 0.06490384615384616 0.11538461538461539
2 0.17548076923076922 0.5683760683760684 0.06971153846153846 0.09401709401709402
3 0.4735576923076923 0.6666666666666666 0.028846153846153848 0.0811965811965812
3 0.4230769230769231 0.5085470085470085 0.0625 0.05128205128205128
3 0.5144230769230769 0.2264957264957265 0.04567307692307692 0.08547008547008547
3 0.3557692307692308 0.23931623931623933 0.019230769230769232 0.03418803418803419
3 0.6490384615384616 0.1452991452991453 0.08413461538461539 0.029914529914529916
1 0.41586538461538464 0.5897435897435898 0.13701923076923078 0.11965811965811966
4 0.3894230769230769 0.688034188034188 0.055288461538461536 0.042735042735042736
4 0.4326923076923077 0.4444444444444444 0.06971153846153846 0.05555555555555555