4 0.3557692307692308 0.8461538461538461 0.06490384615384616 0.038461538461538464
3 0.17548076923076922 0.7905982905982906 0.04567307692307692 0.04700854700854701
2 0.16105769230769232 0.7094017094017094 0.11538461538461539 0.11538461538461539
2 0.2403846153846154 0.6837606837606838 0.08653846153846154 0.06837606837606838
2 0.2403846153846154 0.5085470085470085 0.07211538461538461 0.10683760683760683
2 0.20673076923076922 0.41452991452991456 0.07211538461538461 0.10256410256410256
4 0.19230769230769232 0.46153846153846156 0.057692307692307696 0.042735042735042736
1 0.38221153846153844 0.44871794871794873 0.13942307692307693 0.11965811965811966
3 0.3605769230769231 0.6025641025641025 0.05048076923076923 0.038461538461538464
2 0.33653846153846156 0.5299145299145299 0.07451923076923077 0.08547008547008547
3 0.3605769230769231 0.13675213675213677 0.055288461538461536 0.038461538461538464
3 0.3798076923076923 0.20512820512820512 0.052884615384615384 0.04700854700854701
3 0.20192307692307693 0.2905982905982906 0.06490384615384616 0.04700854700854701
3 0.7355769230769231 0.5384615384615384 0.08653846153846154 0.07692307692307693
2 0.4014423076923077 0.3162393162393162 0.05048076923076923 0.13247863247863248