2 0.23798076923076922 0.6623931623931624 0.04807692307692308 0.14957264957264957
2 0.12980769230769232 0.4444444444444444 0.07211538461538461 0.14102564102564102
2 0.1778846153846154 0.20512820512820512 0.057692307692307696 0.13247863247863248
2 0.3245192307692308 0.2905982905982906 0.057692307692307696 0.09401709401709402
2 0.21634615384615385 0.5213675213675214 0.10576923076923077 0.09401709401709402
1 0.34375 0.41025641025641024 0.13221153846153846 0.1452991452991453
3 0.3317307692307692 0.1752136752136752 0.08653846153846154 0.05982905982905983
3 0.5192307692307693 0.4658119658119658 0.04567307692307692 0.05555555555555555
3 0.7355769230769231 0.5427350427350427 0.05048076923076923 0.09401709401709402
4 0.2980769230769231 0.8974358974358975 0.08173076923076923 0.0641025641025641
3 0.16826923076923078 0.8290598290598291 0.02403846153846154 0.05555555555555555
3 0.7355769230769231 0.11538461538461539 0.07211538461538461 0.03418803418803419
3 0.49759615384615385 0.5854700854700855 0.04326923076923077 0.05128205128205128
4 0.4014423076923077 0.6794871794871795 0.0673076923076923 0.05555555555555555