2 0.1658653846153846 0.6410256410256411 0.040865384615384616 0.10683760683760683
2 0.16105769230769232 0.39316239316239315 0.0985576923076923 0.11965811965811966
2 0.2283653846153846 0.28205128205128205 0.125 0.1752136752136752
2 0.3245192307692308 0.23931623931623933 0.05048076923076923 0.0811965811965812
1 0.3125 0.3333333333333333 0.11778846153846154 0.14102564102564102
2 0.2403846153846154 0.6282051282051282 0.09134615384615384 0.08974358974358974
4 0.2764423076923077 0.8931623931623932 0.052884615384615384 0.038461538461538464
3 0.7572115384615384 0.717948717948718 0.05048076923076923 0.11538461538461539
3 0.7331730769230769 0.1111111111111111 0.0625 0.05982905982905983
3 0.47596153846153844 0.1581196581196581 0.07211538461538461 0.042735042735042736
3 0.1778846153846154 0.8290598290598291 0.014423076923076924 0.05982905982905983