2 0.24759615384615385 0.6794871794871795 0.10336538461538461 0.18803418803418803
2 0.14182692307692307 0.5854700854700855 0.10576923076923077 0.13675213675213677
2 0.31971153846153844 0.2863247863247863 0.14182692307692307 0.13247863247863248
2 0.34375 0.4358974358974359 0.040865384615384616 0.10683760683760683
2 0.30288461538461536 0.41025641025641024 0.0673076923076923 0.07692307692307693
3 0.21634615384615385 0.23076923076923078 0.07451923076923077 0.05982905982905983
3 0.3701923076923077 0.11965811965811966 0.057692307692307696 0.05128205128205128
3 0.7163461538461539 0.38461538461538464 0.04567307692307692 0.05128205128205128
3 0.71875 0.10683760683760683 0.0673076923076923 0.04700854700854701
3 0.38221153846153844 0.7008547008547008 0.06009615384615385 0.10256410256410256
3 0.5024038461538461 0.5854700854700855 0.052884615384615384 0.03418803418803419
4 0.3317307692307692 0.8632478632478633 0.09375 0.06837606837606838
3 0.18028846153846154 0.8290598290598291 0.0673076923076923 0.07692307692307693