2 0.23557692307692307 0.6495726495726496 0.038461538461538464 0.18376068376068377
2 0.21634615384615385 0.5256410256410257 0.10817307692307693 0.06837606837606838
2 0.13701923076923078 0.4444444444444444 0.07932692307692307 0.1282051282051282
2 0.18028846153846154 0.21367521367521367 0.04567307692307692 0.14957264957264957
2 0.3269230769230769 0.2692307692307692 0.06971153846153846 0.07692307692307693
1 0.3389423076923077 0.39316239316239315 0.11057692307692307 0.14957264957264957
4 0.41586538461538464 0.6923076923076923 0.07211538461538461 0.07264957264957266
4 0.28365384615384615 0.8846153846153846 0.06490384615384616 0.05982905982905983
3 0.49759615384615385 0.4358974358974359 0.04807692307692308 0.09401709401709402
3 0.7524038461538461 0.5982905982905983 0.040865384615384616 0.11965811965811966
3 0.7307692307692307 0.1111111111111111 0.06490384615384616 0.05982905982905983
3 0.34615384615384615 0.19230769230769232 0.07932692307692307 0.0641025641025641