2 0.23557692307692307 0.6965811965811965 0.055288461538461536 0.08547008547008547
2 0.13221153846153846 0.4188034188034188 0.052884615384615384 0.10683760683760683
2 0.20432692307692307 0.5 0.11057692307692307 0.0641025641025641
2 0.22115384615384615 0.23504273504273504 0.11057692307692307 0.08974358974358974
2 0.28365384615384615 0.29914529914529914 0.07932692307692307 0.07692307692307693
2 0.28365384615384615 0.3717948717948718 0.06009615384615385 0.05982905982905983
1 0.3485576923076923 0.405982905982906 0.09615384615384616 0.13247863247863248
3 0.3293269230769231 0.15384615384615385 0.0673076923076923 0.05982905982905983
3 0.49038461538461536 0.5683760683760684 0.07211538461538461 0.11965811965811966
3 0.7235576923076923 0.47435897435897434 0.052884615384615384 0.1282051282051282
3 0.71875 0.1111111111111111 0.06009615384615385 0.03418803418803419
4 0.2956730769230769 0.8846153846153846 0.06490384615384616 0.05982905982905983
3 0.1778846153846154 0.8247863247863247 0.03365384615384615 0.042735042735042736