4 0.29086538461538464 0.9017094017094017 0.06009615384615385 0.05555555555555555
3 0.17307692307692307 0.8376068376068376 0.028846153846153848 0.05982905982905983
2 0.16346153846153846 0.6111111111111112 0.040865384615384616 0.13247863247863248
2 0.15384615384615385 0.3974358974358974 0.0985576923076923 0.1452991452991453
2 0.22355769230769232 0.27350427350427353 0.10336538461538461 0.1581196581196581
2 0.31971153846153844 0.23931623931623933 0.04567307692307692 0.07264957264957266
1 0.31490384615384615 0.3418803418803419 0.10096153846153846 0.14957264957264957
2 0.24519230769230768 0.6239316239316239 0.07932692307692307 0.10683760683760683
3 0.4230769230769231 0.38461538461538464 0.038461538461538464 0.06837606837606838
3 0.7548076923076923 0.7350427350427351 0.040865384615384616 0.05128205128205128
3 0.7355769230769231 0.11965811965811966 0.0673076923076923 0.06837606837606838
4 0.49278846153846156 0.7136752136752137 0.038461538461538464 0.07264957264957266