2 0.15144230769230768 0.48717948717948717 0.10096153846153846 0.10683760683760683
2 0.27884615384615385 0.7094017094017094 0.07451923076923077 0.1111111111111111
2 0.1971153846153846 0.7094017094017094 0.04807692307692308 0.13247863247863248
2 0.21153846153846154 0.6239316239316239 0.11778846153846154 0.07264957264957266
2 0.23317307692307693 0.5641025641025641 0.11778846153846154 0.07264957264957266
3 0.39903846153846156 0.4700854700854701 0.0673076923076923 0.0641025641025641
4 0.4182692307692308 0.6623931623931624 0.04567307692307692 0.029914529914529916
1 0.4326923076923077 0.6196581196581197 0.12980769230769232 0.11538461538461539
3 0.46875 0.5897435897435898 0.02403846153846154 0.13247863247863248
3 0.6875 0.13675213675213677 0.07451923076923077 0.04700854700854701
3 0.4423076923076923 0.358974358974359 0.038461538461538464 0.08974358974358974