3 0.17307692307692307 0.8205128205128205 0.036057692307692304 0.06837606837606838
2 0.23557692307692307 0.6923076923076923 0.04326923076923077 0.07264957264957266
2 0.14182692307692307 0.44871794871794873 0.057692307692307696 0.1452991452991453
2 0.21875 0.49145299145299143 0.09134615384615384 0.08547008547008547
2 0.25 0.26495726495726496 0.13221153846153846 0.1111111111111111
2 0.2692307692307692 0.3034188034188034 0.06009615384615385 0.05982905982905983
2 0.2932692307692308 0.3717948717948718 0.0673076923076923 0.07692307692307693
1 0.34375 0.42735042735042733 0.10817307692307693 0.11965811965811966
3 0.4567307692307692 0.6239316239316239 0.05048076923076923 0.05982905982905983
3 0.7163461538461539 0.4358974358974359 0.05048076923076923 0.09401709401709402
3 0.3173076923076923 0.14957264957264957 0.06490384615384616 0.04700854700854701
3 0.38221153846153844 0.13247863247863248 0.057692307692307696 0.038461538461538464
3 0.7091346153846154 0.11538461538461539 0.040865384615384616 0.02564102564102564
4 0.30528846153846156 0.8675213675213675 0.0673076923076923 0.042735042735042736