2 0.15865384615384615 0.6752136752136753 0.11538461538461539 0.10256410256410256
2 0.1875 0.4829059829059829 0.052884615384615384 0.08974358974358974
2 0.22596153846153846 0.5384615384615384 0.040865384615384616 0.08547008547008547
2 0.24759615384615385 0.6837606837606838 0.06009615384615385 0.08547008547008547
3 0.18269230769230768 0.7777777777777778 0.040865384615384616 0.05555555555555555
3 0.23557692307692307 0.2948717948717949 0.057692307692307696 0.038461538461538464
1 0.40625 0.47435897435897434 0.13701923076923078 0.1282051282051282
2 0.4206730769230769 0.4230769230769231 0.040865384615384616 0.14957264957264957
2 0.3269230769230769 0.5769230769230769 0.07211538461538461 0.08974358974358974
3 0.375 0.14957264957264957 0.052884615384615384 0.05555555555555555
3 0.7115384615384616 0.09401709401709402 0.07211538461538461 0.05555555555555555
3 0.6322115384615384 0.5555555555555556 0.08173076923076923 0.0811965811965812
4 0.36538461538461536 0.811965811965812 0.07211538461538461 0.042735042735042736